
feature percentage = 0.7

load regression evaluation
{'feature selection': ['None', 'lasso', 'pearson', 'reliefF'], 'linearR': [(4.4899916210346129, 0.82359738215156075), (4.5335751170465821, 0.81564308741209013), (4.882577394627714, 0.79372201400100628), (4.8308400027816703, 0.78928443798815484)], 'svr': [(4.0823269891447547, 0.80190487292312962), (4.1384710844409005, 0.76624651266640675), (4.3041081697136754, 0.76156000002571766), (4.4565949321626901, 0.77311433222860881)], 'mlp': [(1.9142926234497284, 0.9612080879297944), (2.0879419657245606, 0.95535691950586421), (2.1293161644649206, 0.95449730915074948), (1.9196124041021552, 0.96178412703137939)]}
load classification evaluation
{'feature selection': ['None', 'lasso', 'pearson', 'reliefF'], 'svm': [(0.93837739419161148, 0.94665512358996617, 0.94185125866197006), (0.67373421244982246, 0.68550427914970413, 0.67918681795579683), (0.90228249457964882, 0.91693635683174424, 0.90882271934563519), (0.64349569802569984, 0.66827238057773775, 0.65501978528953053)], 'logisticR': [(0.66132215255976767, 0.68052318828145764, 0.67027243409553994), (0.8623126368957168, 0.89665014555932088, 0.8782907030069308), (0.84200847521011923, 0.88090299227415214, 0.85977205665820922), (0.81440778003719583, 0.84215714271026754, 0.82721156111587657)], 'rf': [(0.98745803220234363, 0.98673033156538215, 0.98709283437704853), (0.97894909464490831, 0.97505300235019232, 0.97698817062089438), (0.73829799659378925, 0.73771598428745611, 0.73800652502635056), (0.97922474665063153, 0.97377474515916962, 0.97647359362815289)], 'mlpC': [(0.70157344371989161, 0.70870931588522867, 0.70494982908710102), (0.93873431787277928, 0.9322729996388035, 0.93524346717673357), (0.70573351983486687, 0.69425677556811605, 0.6997577111377502), (0.92399646786925649, 0.9241879065549522, 0.92383544475871915)]}
performance regression evaluation
{'feature selection': ['None', 'lasso', 'pearson', 'reliefF'], 'linearR': [(4.4861046815171388, 0.81431756856183291), (4.8002902219541443, 0.79225319471492317), (4.9056337660379743, 0.78472496999856689), (4.8077479816016222, 0.77805806324127835)], 'svr': [(4.2276035504903158, 0.14028705689414622), (4.4102539775599432, 0.75937625752777982), (4.6303159772052886, 0.72135895696656582), (4.439896755190377, 0.76141461432785251)], 'mlp': [(1.7379689735842634, 0.96185046392239792), (1.8135983938174449, 0.96595308855469819), (2.215636740712259, 0.9487520506392233), (1.9559709028010532, 0.96138105524775375)]}
performance classification evaluation
{'feature selection': ['None', 'lasso', 'pearson', 'reliefF'], 'svm': [(0.6431460347312703, 0.66589460868088546, 0.65385983287560479), (0.84830786719632634, 0.87622542699481454, 0.86153550134290569), (0.801912075301911, 0.8303890517163689, 0.81519009321678126), (0.59409028623337667, 0.61898746044649233, 0.60566037790941163)], 'logisticR': [(0.6225183362724408, 0.65497222813425005, 0.63743367654708882), (0.83180432321318321, 0.86829036226489931, 0.84879815865286579), (0.78316063588252227, 0.82196294299156614, 0.80059896224182803), (0.58246436811232194, 0.61146184524605718, 0.59565980413071729)], 'rf': [(0.6972726192565375, 0.71625261208699231, 0.70621867454822063), (0.92845934951708831, 0.94785669875776468, 0.93771139012673121), (0.91190478133949515, 0.93849938584660431, 0.92447087653816384), (0.68860279156674631, 0.7077668832875198, 0.69760873162216286)], 'mlpC': [(0.67785770355547226, 0.68066894811810208, 0.6789542111692356), (0.89053898087366201, 0.91287407394987452, 0.9012054949676721), (0.85191828807703784, 0.86415974194203959, 0.85785859437572254), (0.63597063910370877, 0.67150623076132598, 0.65212417698316283)]}

feature percentage = 0.9

load regression evaluation
{'feature selection': ['None', 'lasso', 'pearson', 'reliefF'], 'linearR': [(4.5807513574986221, 0.81198719619319581), (4.5395824553974853, 0.80854002694083849), (4.4485571958435512, 0.72516351930460854), (4.4275420260789131, 0.75535883403560522)], 'svr': [(4.1533760605128593, 0.77730107267439463), (4.1989052730259635, 0.76202147120083275), (4.1998102357005225, 0.66315310210632705), (4.2438015932603879, 0.41595015994205931)], 'mlp': [(1.6218919030865742, 0.97329970269214461), (1.6889234550769352, 0.97049517076851566), (1.7283231976204247, 0.96969719879649741), (2.0670895813950656, 0.95232947458455786)]}
load classification evaluation
{'feature selection': ['None', 'lasso', 'pearson', 'reliefF'], 'svm': [(0.91598441405696018, 0.92563616924922354, 0.91986323874402454), (0.91632946438548279, 0.92650442052154902, 0.92035688031519081), (0.93253242209837861, 0.93662786692919497, 0.93401489058171094), (0.67913441615242376, 0.68602779863028984, 0.6820424990351398)], 'logisticR': [(0.65607263116338921, 0.67441185559659622, 0.66451713419254121), (0.88542256334932412, 0.90880570435925856, 0.89616137457850564), (0.65813877231294382, 0.67297658261060267, 0.66513924414477432), (0.64899109490238494, 0.66577411378778817, 0.65694147654334811)], 'rf': [(0.98628515038997877, 0.98264268573637903, 0.98445106737739974), (0.98586694829581567, 0.98377455610932163, 0.98481631001861769), (0.73925058948444489, 0.73528655303124968, 0.73724691516320517), (0.7358775682682035, 0.73297786872422521, 0.73441819806214992)], 'mlpC': [(0.93952901468279915, 0.93942539770806299, 0.9393041281892095), (0.94634143313395847, 0.92983501910428157, 0.93738311338478286), (0.70290470070329358, 0.70140478372699555, 0.70207222617884724), (0.69957368604419379, 0.69928020891941067, 0.69926254354235107)]}
performance regression evaluation
{'feature selection': ['None', 'lasso', 'pearson', 'reliefF'], 'linearR': [(4.5481455382356284, 0.81213967725682945), (4.5336946341030577, 0.79858286381188226), (4.6019065564944732, 0.80319635487957253), (4.5194020715827428, 0.80267693811766594)], 'svr': [(4.1697571826888611, 0.74669215847655313), (4.1647765388135518, 0.77613444926402586), (4.2041678844247494, 0.74999974654541912), (4.2707042105197912, 0.22795931749587461)], 'mlp': [(1.8204396046339719, 0.96320621019036112), (1.744247688177468, 0.96624634597814718), (1.9527853675575708, 0.95945814731906842), (2.1563487345492165, 0.95132405486249416)]}
performance classification evaluation
{'feature selection': ['None', 'lasso', 'pearson', 'reliefF'], 'svm': [(0.86029809087344311, 0.88598502736553586, 0.87253137290124805), (0.64036534225295827, 0.66317535713622622, 0.65112230048137931), (0.84842955756369942, 0.8746348845240105, 0.86032116683270632), (0.86033533502784543, 0.88907122678822736, 0.87381213338306551)], 'logisticR': [(0.83756526324484304, 0.87270186280911888, 0.85396484063769151), (0.83945991627732319, 0.8779299476559691, 0.85731662691096322), (0.8367845331849999, 0.865278264899905, 0.85007667241365115), (0.84090899049908485, 0.87641251344056226, 0.85748312689694106)], 'rf': [(0.93394694064795247, 0.94885733987279453, 0.9410861981991735), (0.92792817742950751, 0.95396170172002137, 0.94026059549632557), (0.9381757324873089, 0.95157234896258247, 0.94453577996581439), (0.93589513013034553, 0.95803018574913512, 0.94643536330671763)], 'mlpC': [(0.91087633357124531, 0.92907303594901836, 0.91967056929541402), (0.89800930735514795, 0.9153203503579066, 0.90631118964340651), (0.88327069164828764, 0.90674559494181139, 0.89449460472664155), (0.9020098042734811, 0.91807632429240249, 0.9098078724375851)]}

feature percentage = 1.0

load regression evaluation
{'feature selection': ['None', 'lasso', 'pearson', 'reliefF'], 'linearR': [(4.5105566544017801, 0.80877609977226583), (4.5324969042144296, 0.81199126208357031), (4.5403332236357077, 0.81591835617940778), (4.4953931178944675, 0.81685485420706982)], 'svr': [(4.0953326646320294, 0.79074766472397151), (4.1309366644195507, 0.77126100890646898), (4.2135046075886935, 0.54546211157241675), (4.1111821051427864, 0.75959737040550324)], 'mlp': [(1.8343673593014747, 0.96569915991674871), (2.1890650721944898, 0.94683190969585906), (1.8347813651008096, 0.96160228945092419), (1.847924246405658, 0.96452519647523582)]}
load classification evaluation
{'feature selection': ['None', 'lasso', 'pearson', 'reliefF'], 'svm': [(0.91548833112489447, 0.92462470189042956, 0.91941852675032187), (0.91769614221873852, 0.92824451132268138, 0.92249392070165559), (0.91575776604562353, 0.92329131022729705, 0.91878504384942261), (0.93448173670247225, 0.94155885719942389, 0.93744110736219977)], 'logisticR': [(0.65726284370827648, 0.67672432865445753, 0.66640149626740497), (0.87773482320030272, 0.90431159789146331, 0.89028343619047012), (0.88062958051489149, 0.90375915841107124, 0.89157593474747865), (0.66194411127356456, 0.67730078940003036, 0.66918045925558289)], 'rf': [(0.9868518787170969, 0.9835428312866199, 0.98518688565990742), (0.98345659349417591, 0.98082627359107499, 0.98213521656883118), (0.98112676899086992, 0.98091526446210653, 0.98100760376230856), (0.73758171534071171, 0.73685672171679906, 0.73720487973151305)], 'mlpC': [(0.94398486851887953, 0.94140229775159534, 0.94263413668088714), (0.9444464678720732, 0.93695493621663184, 0.94064937734712439), (0.93932792281958488, 0.93223118433461727, 0.9357163414030979), (0.70668303654201825, 0.7032150650443828, 0.70493323142089737)]}
performance regression evaluation
{'feature selection': ['None', 'lasso', 'pearson', 'reliefF'], 'linearR': [(4.5784211386123896, 0.77951100134412332), (4.5565489305089493, 0.80516992120559516), (4.5004345717462488, 0.810163740413955), (4.4538012417729691, 0.81042638544590528)], 'svr': [(4.2102354056562676, 0.73366718248760687), (4.2455302143604383, 0.17858230849093448), (4.1790963469951699, 0.73575317120044459), (4.1493397570777821, 0.72318615048996659)], 'mlp': [(1.9273817578789707, 0.95709124615398733), (1.9105351073497057, 0.96256737929779024), (1.932530538020653, 0.9585718984622057), (1.7290566223849817, 0.96691789749731905)]}
performance classification evaluation
{'feature selection': ['None', 'lasso', 'pearson', 'reliefF'], 'svm': [(0.84689524193111465, 0.88499119098228018, 0.86457045055917836), (0.85602641500896948, 0.8834675206088547, 0.86902931101423642), (0.85195655012741822, 0.88436585304524462, 0.86713040368586469), (0.86066631489242995, 0.88061596652273344, 0.87019531986005616)], 'logisticR': [(0.83319477948413123, 0.8728868045944993, 0.851556605718918), (0.83635107992564672, 0.8751427879179996, 0.85431392783428073), (0.82968639665811483, 0.87304570619084432, 0.84959276654275084), (0.8403562435873857, 0.87171033222857552, 0.85509472311473778)], 'rf': [(0.93658780401213626, 0.95975897877083216, 0.9476095615939325), (0.93250291785524775, 0.9557173612128862, 0.94348132319950728), (0.92905364825351322, 0.95906743160012364, 0.94313744546119416), (0.94424440674473187, 0.9517688118693286, 0.94787931265313263)], 'mlpC': [(0.87840142924222109, 0.92001258084133741, 0.89751212353566512), (0.89602278497056442, 0.92483954343527941, 0.90962297102205136), (0.88907796190672961, 0.91752509635053003, 0.90226969749224206), (0.88059160110879187, 0.9184964436663412, 0.89758689767804656)]}
