
feature percentage = 0.9

load regression evaluation
{'feature selection': ['None', 'lasso', 'pearson', 'reliefF'], 'linearR': [(1.2040863246105846, 0.98067380509799029), (1.2323659896971078, 0.97262043470569215), (1.196276652902164, 0.97943100726021082), (1.1991335537542152, 0.98424852769066673)], 'svr': [(1.193847122585024, 0.97679622443500036), (1.1780652801332963, 0.98243284721380653), (1.1635429912230806, 0.98246680804466269), (1.1668316233145621, 0.98324907483541957)], 'mlp': [(2.9043729839294885, 0.7906627636477519), (2.9456834340729685, 0.79304688075153262), (2.9703127343728335, 0.79722109269953534), (2.9548397790129255, 0.7934337659744003)]}
load classification evaluation
{'feature selection': ['None', 'lasso', 'pearson', 'reliefF'], 'svm': [(0.96800038441377312, 0.96427201516307048, 0.96611668489461033), (0.9695929745363201, 0.97033251284045763, 0.96996189900946217), (0.97654350263357936, 0.97795191598203024, 0.97723849992627088), (0.97396586734385748, 0.97116852867411085, 0.97256017057862387)], 'logisticR': [(0.95973771777719186, 0.96123512933626587, 0.9604851184064801), (0.97148690759253942, 0.96755934425340728, 0.96951052850454078), (0.9723664708559403, 0.97969459158135186, 0.97598679737569483), (0.97034752920605294, 0.96731374639985701, 0.96880776517760825)], 'rf': [(0.73438400969780737, 0.73282802098408828, 0.73358554149850175), (0.98263577422449966, 0.98496001380007003, 0.98379438833378285), (0.73578483021643781, 0.7396000123617934, 0.73766184849096306), (0.98527935239158893, 0.98118484796337146, 0.98321200587139168)], 'mlpC': [(0.71273954012495855, 0.72356611027544593, 0.71792960082578716), (0.96429512224806724, 0.97099295859312162, 0.96761778561223688), (0.71757780041919439, 0.72198533381112706, 0.71975946172515182), (0.97514927583477151, 0.96817461427866502, 0.97159695137444835)]}
performance regression evaluation
{'feature selection': ['None', 'lasso', 'pearson', 'reliefF'], 'linearR': [(1.2727369818426431, 0.81340972868768469), (751033528.39597154, -3.0978504963220316e+19), (1.2040883377900906, 0.98140205705685579), (1.2003783460907003, 0.9831045000110149)], 'svr': [(1.1563862684047714, 0.98173841642307325), (1.2020314389593953, 0.9788561332014748), (1.1792815682621782, 0.97897797965433164), (1.1798932377733957, 0.98116502294115693)], 'mlp': [(3.1761040619896042, 0.75241772016648722), (2.7108454097258812, 0.80348841195426635), (2.7357148032326211, 0.84553853808970203), (3.1379174384505051, 0.7606205160103735)]}
performance classification evaluation
{'feature selection': ['None', 'lasso', 'pearson', 'reliefF'], 'svm': [(0.69023862897693844, 0.6971960753794455, 0.69360366279233177), (0.91895654358890821, 0.9333794616523462, 0.92566350107619311), (0.92186185420754274, 0.93236564734985306, 0.92669709877975459), (0.91475966215350768, 0.92797059233216894, 0.92111143619916769)], 'logisticR': [(0.68646321229702711, 0.69869761043861789, 0.69231097586149382), (0.90514646689990885, 0.93156895649265969, 0.91739925742379214), (0.91864887186995536, 0.93543387438597403, 0.92654224387458461), (0.90641797662956292, 0.92261615281805742, 0.91413443133123895)], 'rf': [(0.92949731519270617, 0.94422117109972348, 0.93658133948259792), (0.93110241616972855, 0.94788432508127907, 0.93907794376344567), (0.93931679914958022, 0.95046811686350685, 0.94474538791830598), (0.93019970255567108, 0.94285506766809224, 0.93632195142625729)], 'mlpC': [(0.9100740047662681, 0.9072980498055454, 0.90867542188954165), (0.92150780729897031, 0.92843891185388516, 0.92490862372631877), (0.91731826327842347, 0.92987311878510992, 0.92340202567681751), (0.9036928123280209, 0.9025022757233313, 0.90309070332865937)]}


feature percentage = 1.0

load regression evaluation
{'feature selection': ['None', 'lasso', 'pearson', 'reliefF'], 'linearR': [(1.2170654250737414, 0.95937043160987245), (1.5357318215665818, -0.027120612967487689), (1.1995968933748988, 0.98059153724548898), (1.2064992916751831, 0.97865160592384604)], 'svr': [(1.1883175328070901, 0.97258011736927519), (1.2588784767793064, 0.91713813732224025), (1.173483826839568, 0.98171195537275924), (1.1702387878147582, 0.98297781508643411)], 'mlp': [(2.9752116461507843, 0.77516186241100049), (2.9647218944231715, 0.7791670235619037), (2.8330196456745549, 0.82226925629685743), (2.893504636363442, 0.8150768826126471)]}
load classification evaluation
{'feature selection': ['None', 'lasso', 'pearson', 'reliefF'], 'svm': [(0.72945400025128748, 0.72867081676418777, 0.72905777651935488), (0.96513801453764447, 0.96115288333350868, 0.96313335248218568), (0.72699318799388535, 0.72814800017051895, 0.72756768484711087), (0.72369259941609942, 0.72863514052757727, 0.72613540420097777)], 'logisticR': [(0.72330021790251298, 0.72376404923129922, 0.72352846920235414), (0.95836920176863194, 0.95578253980041916, 0.95706291273943689), (0.72976294780688089, 0.73144256096077787, 0.7305906258956556), (0.72562042386960524, 0.72749544894523022, 0.72655044672438618)], 'rf': [(0.73382439117298337, 0.73740023158337287, 0.73559074520647461), (0.97578880255619227, 0.9783593892646687, 0.9770671762238603), (0.73685309924849673, 0.7392306918291508, 0.73803634845862143), (0.73731477893011421, 0.73780924528620384, 0.73756139309008428)], 'mlpC': [(0.71455281556103234, 0.72597467402278593, 0.72012946552623636), (0.96084509787213024, 0.96111516460660018, 0.96097735527895389), (0.72556821826347628, 0.72947594056401033, 0.72749125217515231), (0.72219714497423593, 0.72789972535314296, 0.72502204173614471)]}
performance regression evaluation
{'feature selection': ['None', 'lasso', 'pearson', 'reliefF'], 'linearR': [(1.2863194360226522, 0.76687989400028078), (131825036.27247123, -9.5579507155054822e+17), (1.2264364431519388, 0.97234945493509284), (1.2111638919546102, 0.98076003792316768)], 'svr': [(1.1848867517913646, 0.9816829466296888), (1.1781830906617687, 0.98159417486212108), (1.1842596061473043, 0.98258497883856633), (1.1773334746528377, 0.98135157452522981)], 'mlp': [(3.4075972996730113, 0.70151368198373354), (2.7647383193062769, 0.84258562704142448), (2.9684134654794572, 0.78877587438222152), (3.0749524130985266, 0.74432139218080007)]}
performance classification evaluation
{'feature selection': ['None', 'lasso', 'pearson', 'reliefF'], 'svm': [(0.91349315491400629, 0.92657499422918699, 0.91953984802499333), (0.91760488828918607, 0.92359078399266537, 0.92033690172264304), (0.92150446540728648, 0.931780494026206, 0.92632449227664193), (0.92117891613419112, 0.92424990281119024, 0.92245276696995193)], 'logisticR': [(0.90846179400018923, 0.92836792866892903, 0.91749741594640322), (0.91259614248394527, 0.92281019739652759, 0.91746357941688395), (0.9161235428169513, 0.92553124607157589, 0.92063383776182262), (0.92041840371959738, 0.9298873414134593, 0.92484984789937552)], 'rf': [(0.93308068148095791, 0.95357418108651115, 0.94279138217110103), (0.93362172754464545, 0.94402236543602858, 0.9386642581694441), (0.92856607823250281, 0.9377575669144339, 0.93299095782774966), (0.94042115718272601, 0.94784217032869333, 0.94406319490795243)], 'mlpC': [(0.90685203937163461, 0.92602551526789778, 0.91590195457257995), (0.91818434242108893, 0.92307658308819329, 0.92057865129685013), (0.91724586434093969, 0.92483429318968768, 0.92087671538967297), (0.91122702471350825, 0.92864361890887359, 0.91942696120539757)]}
