 labels = ["tran_loss", "tran_acc", "acc"]
    
array([[ 0.64090365,  0.72718507,  0.71837307],
       [ 0.30643501,  0.87364229,  0.86997658],
       [ 0.36032852,  0.84125773,  0.83594557],
       [ 0.38702712,  0.83158482,  0.8367654 ],
       [ 0.31867189,  0.8573237 ,  0.85633537],
       [ 0.39744949,  0.81808796,  0.81378008],
       [ 0.36528805,  0.85675444,  0.85456265],
       [ 0.31738476,  0.86350043,  0.86650876],
       [ 0.35396494,  0.84837877,  0.847271  ],
       [ 0.40753877,  0.82270768,  0.82187351],
       [ 0.79153037,  0.74327745,  0.74826108],
       [ 0.29147462,  0.87662977,  0.87217184],
       [ 0.32957653,  0.86410785,  0.8577714 ],
       [ 0.46432319,  0.77342837,  0.77604217],
       [ 0.37507553,  0.82763692,  0.82966875]])

[1, 3, 5, 7, 9, 11, 13, 15, 17, 19, 21, 23, 25, 27, 29]
