 labels = ["tran_loss", "tran_acc", "acc"]
    
array([[ 0.57903157,  0.74837088,  0.75175316],
       [ 0.54223795,  0.75539421,  0.75793911],
       [ 0.57437371,  0.72959258,  0.73111215],
       [ 0.49667496,  0.78594729,  0.79219558],
       [ 0.5320893 ,  0.75554246,  0.75911446],
       [ 0.53833603,  0.75496298,  0.75450684],
       [ 0.48955435,  0.78724474,  0.78695035],
       [ 0.52444459,  0.75957127,  0.75045002],
       [ 0.50088952,  0.77554956,  0.77446607],
       [ 0.5402327 ,  0.75651656,  0.75929624],
       [ 0.48177608,  0.79774275,  0.79866603],
       [ 0.48760315,  0.79359728,  0.7978043 ],
       [ 0.54100593,  0.75538816,  0.75705404],
       [ 0.48607624,  0.78819373,  0.77709631],
       [ 0.48670619,  0.79717929,  0.79395103],
       [ 0.49730509,  0.79531583,  0.8011544 ],
       [ 0.49255407,  0.7868482 ,  0.79180723],
       [ 0.54506925,  0.75628529,  0.75577016],
       [ 0.4924722 ,  0.79064984,  0.79390421],
       [ 0.50746317,  0.78409332,  0.78109549],
       [ 0.48722947,  0.79760786,  0.80349684],
       [ 0.47610696,  0.79867383,  0.79114355],
       [ 0.8027332 ,  0.64632919,  0.64865919],
       [ 0.51079555,  0.75400776,  0.7531021 ],
       [ 0.57196558,  0.74361327,  0.74508076],
       [ 0.53133059,  0.75439135,  0.75556645]])

[1,
 3,
 5,
 7,
 9,
 11,
 13,
 15,
 17,
 19,
 21,
 23,
 25,
 27,
 29,
 31,
 33,
 35,
 37,
 39,
 41,
 43,
 45,
 47,
 49,
 51]
